698.44121	0.200315
699.06762	0.20000344
699.69514	0.19971167
700.3238	0.19943953
700.95359	0.19918723
701.58451	0.19895462
702.21657	0.19874164
702.84977	0.19854704
703.48411	0.19837346
704.11959	0.19821934
704.75623	0.19808492
705.39402	0.19796991
706.03296	0.19787449
706.67307	0.19779867
707.31433	0.1977424
707.95676	0.19770582
708.60036	0.19768902
709.24512	0.19769191
709.89107	0.19771468
710.53819	0.19775742
711.18649	0.19782196
711.83597	0.19790475
712.48665	0.19800796
713.13851	0.1981317
713.79157	0.19827603
714.44582	0.19844119
715.10128	0.19862727
715.75793	0.19883461
716.4158	0.19906329
717.07488	0.19931385
717.73517	0.19958594
718.39667	0.19988008
719.0594	0.20019678
719.72335	0.20053613
720.38853	0.20089971
721.05494	0.20128496
721.72258	0.20169385
722.39147	0.20212673
723.06159	0.20258392
723.73295	0.20306581
724.40557	0.2035729
725.07943	0.20410546
725.75455	0.20466407
726.43093	0.20524918
727.10857	0.20586125
727.78748	0.2065008
728.46765	0.20716837
729.1491	0.20786462
729.83183	0.20859005
730.51583	0.20934526
731.20112	0.21013094
731.88769	0.21094774
732.57556	0.21179792
733.26471	0.21267894
733.95517	0.21359328
734.64693	0.21454175
735.33999	0.21552526
736.03436	0.21654477
736.73005	0.21760108
737.42705	0.21869521
738.12537	0.21982815
738.82501	0.22100098
739.52599	0.22221529
740.22829	0.22347126
740.93193	0.22477067
741.63691	0.22611461
742.34323	0.22750459
743.0509	0.22894175
743.75991	0.23042795
744.47029	0.23196574
745.18202	0.23355367
745.89511	0.2351951
746.60957	0.23689185
747.3254	0.23864565
748.0426	0.24045851
748.76118	0.24233239
749.48114	0.24426936
750.20249	0.2462717
750.92523	0.24834164
751.64936	0.25048165
752.37489	0.25269424
753.10183	0.25498268
753.83017	0.25734862
754.55991	0.25979561
755.29108	0.26232672
756.02366	0.26494518
756.75766	0.26765447
757.05166	0.26876474
757.49309	0.27045811
758.22995	0.27335949
758.96825	0.27636364
759.70798	0.27947413
760.44916	0.28269544
761.19179	0.28603227
761.93587	0.28948948
762.6814	0.29307226
763.42839	0.29678607
764.17685	0.3006367
764.92678	0.30463019
765.67818	0.30877242
766.43106	0.31307146
767.18542	0.31753346
767.94127	0.32216628
768.69861	0.32697753
769.45744	0.33197471
770.21778	0.33716937
770.97962	0.34256933
771.74296	0.34818454
772.50782	0.35402548
773.2742	0.36010307
774.0421	0.36642892
774.81152	0.37301536
775.58248	0.37987538
776.35497	0.38702234
777.129	0.39447076
777.90458	0.40223562
778.68171	0.41033264
779.46039	0.41877829
780.24063	0.42759008
781.02244	0.43678593
781.80581	0.44638467
782.59075	0.45640579
783.37728	0.46686665
784.16538	0.47779372
784.95508	0.48920488
785.74636	0.5011215
786.53924	0.51356516
787.33373	0.52655723
788.12982	0.54011833
788.92752	0.55426846
789.72684	0.56902685
790.52778	0.58440658
791.33035	0.60042644
792.13454	0.61709376
792.94038	0.63441002
793.74785	0.65238094
794.55697	0.67099455
795.36775	0.69023177
796.18017	0.71006309
796.99426	0.73044339
797.81002	0.75131217
798.62745	0.77258861
799.44655	0.79416837
800.26734	0.81592202
801.08982	0.8376904
801.91398	0.85928141
802.73985	0.88046973
803.56741	0.90099269
804.39669	0.92055257
805.22768	0.93881705
806.06038	0.95542308
806.89481	0.96998626
807.73097	0.982108
808.56887	0.99138907
809.40851	0.9974505
810.24989	0.99994348
811.09302	0.99857915
811.93791	0.99314578
812.78456	0.98350499
813.63298	0.96965442
814.48317	0.95165975
815.33514	0.92973596
816.18889	0.90417624
817.04443	0.87539617
817.90177	0.84384962
818.76091	0.81020988
819.62186	0.77455648
820.48462	0.73779433
821.3492	0.70040919
822.2156	0.66282974
823.08383	0.6254801
823.9539	0.58873304
824.82581	0.55288323
825.69957	0.51819436
826.57518	0.48484179
827.45264	0.45296658
828.33198	0.42265491
829.21318	0.39396088
830.09626	0.36689591
830.98123	0.34145643
831.86808	0.31760733
832.75683	0.29529816
833.64748	0.27447011
834.54003	0.25505786
835.4345	0.23698741
836.33089	0.22018271
837.22921	0.20457018
838.12945	0.19007294
839.03164	0.17661846
839.93577	0.16413399
840.84185	0.15255623
841.74988	0.14181151
842.65988	0.13184842
843.57185	0.12260638
844.4858	0.11403212
845.40173	0.10607564
846.31964	0.098691139
847.23956	0.091835381
848.16147	0.085468314
849.08539	0.079554505
850.01133	0.074058918
850.93929	0.068950081
851.86928	0.064199682
852.8013	0.059780375
853.73537	0.055668185
854.67148	0.051839836
855.60965	0.04827483
856.54988	0.044954002
857.49218	0.041859406
858.43655	0.038974776
859.38301	0.036285091
860.33156	0.033776193
861.2822	0.031435843
862.23495	0.029251627
863.1898	0.027213138
864.14677	0.025309829
865.10587	0.023532256
866.0671	0.021872311
867.03047	0.020321465
867.99598	0.018872772
868.96365	0.017519122
869.93347	0.016254419
870.90546	0.015072578
871.87963	0.013968175
872.85598	0.012936129
873.83452	0.011971863
874.81525	0.011070986
875.79819	0.010229421
876.78334	0.0094430708
877.77071	0.008708622
878.76031	0.008022949
879.75213	0.0073829059
880.7462	0.0067857076
881.74252	0.0062286145
882.7411	0.0057091549
883.74194	0.0052250716
884.74505	0.0047741962
885.75044	0.0043544691
886.75812	0.0039642749
887.7681	0.0036013861
888.78038	0.0032642822
889.79497	0.0029515233
890.81188	0.0026616357
891.83111	0.0023932751
892.85268	0.002145174
893.87659	0.0019161259
894.90286	0.001704987
895.93148	0.0015107332
896.96248	0.0013323722
897.99584	0.0011689778
899.03159	0.0010196712
900.06974	0.000883633
901.11028	0.0007600503
902.15323	0.00064829064
903.1986	0.00054760481
904.24639	0.00045739032
905.29662	0.00037701273
906.34929	0.00030589596
907.40441	0.00024351836
908.46199	0.00018936352
909.52204	0.00014295102
910.58457	0.00010384022
911.22328	8.3689337e-05
911.64958	7.159157e-05
912.71709	4.5817823e-05
913.78709	2.613192e-05
914.85961	1.2153712e-05
915.93465	3.6058256e-06
917.01222	1.2706778e-07
918.09233	1.4173826e-06
919.17499	7.1919163e-06
920.2602	1.7181227e-05
921.34798	3.1131724e-05
922.43833	4.8800959e-05
923.53127	6.9963078e-05
924.6268	9.4391357e-05
925.72493	0.00012190207
926.82567	0.00015229262
927.92904	0.00018537559
929.03503	0.00022098337
930.14366	0.00025894839
931.25495	0.00029911417
932.36889	0.00034130904
933.4855	0.00038544821
934.60479	0.0004313733
935.72676	0.00047895164
936.85143	0.00052806889
937.97881	0.00057861512
939.1089	0.00063045441
940.24173	0.00068353226
941.37728	0.00073773037
942.51559	0.00079295518
943.65665	0.00084918521
944.80047	0.00090617391
945.94708	0.00096396064
947.09647	0.001022473
948.24865	0.0010816474
949.40364	0.0011414772
950.56145	0.0012015881
951.72209	0.0012617458

