697.19176	0.20071913
697.81593	0.20032464
698.44121	0.19998246
699.06762	0.19966059
699.69514	0.19935884
700.3238	0.19907716
700.95359	0.19881549
701.58451	0.19857376
702.21657	0.19835186
702.84977	0.19814964
703.48411	0.19796714
704.11959	0.19780424
704.75623	0.19766156
705.39402	0.19753862
706.03296	0.19743332
706.67307	0.19734989
707.31433	0.19728648
707.95676	0.19724276
708.60036	0.19721908
709.24512	0.19721515
709.89107	0.19723133
710.53819	0.19726767
711.18649	0.19732422
711.83597	0.19740106
712.48665	0.1974983
713.13851	0.19761619
713.79157	0.19775483
714.44582	0.19791436
715.10128	0.19809499
715.75793	0.19829687
716.4158	0.19852026
717.07488	0.19876532
717.73517	0.19903231
718.39667	0.19932151
719.0594	0.19963317
719.72335	0.19996753
720.38853	0.20032532
721.05494	0.20070587
721.72258	0.20111031
722.39147	0.20153853
723.06159	0.20199125
723.73295	0.20246873
724.40557	0.20297135
725.07943	0.20349959
725.75455	0.20405389
726.43093	0.20463469
727.10857	0.20524246
727.78748	0.20587776
728.46765	0.20654109
729.1491	0.20723308
729.83183	0.20795423
730.51583	0.2087052
731.20112	0.20948868
731.88769	0.21030085
732.57556	0.2111449
733.26471	0.21202159
733.95517	0.2129316
734.64693	0.21387584
735.33999	0.21485506
736.03436	0.21587017
736.73005	0.21692205
737.42705	0.21801178
738.12537	0.2191404
738.82501	0.22030879
739.52599	0.2215181
740.22829	0.22276948
740.93193	0.22406597
741.63691	0.22540489
742.34323	0.22678965
743.0509	0.22822167
743.75991	0.22970232
744.47029	0.23123318
745.18202	0.23281573
745.89511	0.23445169
746.60957	0.23614288
747.3254	0.23789092
748.0426	0.23969784
748.76118	0.24156563
749.48114	0.24349632
750.20249	0.24549214
750.92523	0.24755526
751.64936	0.24968827
752.37489	0.25189356
753.10183	0.2541743
753.83017	0.25653238
754.55991	0.25897272
755.29108	0.26149531
756.02366	0.26410499
756.75766	0.26680517
757.05166	0.26791201
757.49309	0.26959949
758.22995	0.27249156
758.96825	0.27548535
759.70798	0.27858522
760.44916	0.28179544
761.19179	0.28512062
761.93587	0.2885657
762.6814	0.29213577
763.42839	0.29583602
764.17685	0.2996731
764.92678	0.30365196
765.67818	0.30777957
766.43106	0.31206262
767.18542	0.31650848
767.94127	0.32112382
768.69861	0.32591683
769.45744	0.33089579
770.21778	0.33606988
770.97962	0.34144836
771.74296	0.34704094
772.50782	0.35285775
773.2742	0.3589102
774.0421	0.36520962
774.81152	0.37176825
775.58248	0.37859891
776.35497	0.38571504
777.129	0.39313089
777.90458	0.40086152
778.68171	0.40892252
779.46039	0.41733039
780.24063	0.42610236
781.02244	0.43525591
781.80581	0.44481058
782.59075	0.45478392
783.37728	0.4651986
784.16538	0.47607451
784.95508	0.48743115
785.74636	0.49929136
786.53924	0.51167565
787.33373	0.52460572
788.12982	0.5381026
788.92752	0.5521864
789.72684	0.56687518
790.52778	0.58218609
791.33035	0.59813383
792.13454	0.61472695
792.94038	0.63197188
793.74785	0.64986859
794.55697	0.66840555
795.36775	0.68757329
796.18017	0.70733841
796.99426	0.72765912
797.81002	0.74847628
798.62745	0.76971208
799.44655	0.79126687
800.26734	0.81300426
801.08982	0.83478899
801.91398	0.85641773
802.73985	0.87767499
803.56741	0.89830241
804.39669	0.91800859
805.22768	0.9364639
806.06038	0.95330983
806.89481	0.9681648
807.73097	0.98063387
808.56887	0.99031756
809.40851	0.99683469
810.24989	0.99983076
811.09302	0.99900921
811.93791	0.99414258
812.78456	0.98509405
813.63298	0.97182775
814.48317	0.95441773
815.33514	0.93305179
816.18889	0.90801629
817.04443	0.87969449
817.90177	0.84854116
818.76091	0.81504611
819.62186	0.77984075
820.48462	0.74329999
821.3492	0.70602836
822.2156	0.66849487
823.08383	0.63114518
823.9539	0.59433448
824.82581	0.55839001
825.69957	0.5235565
826.57518	0.49003608
827.45264	0.45797288
828.33198	0.4274585
829.21318	0.39854975
830.09626	0.37126879
830.98123	0.34560771
831.86808	0.32153619
832.75683	0.29901172
833.64748	0.27797596
834.54003	0.25836197
835.4345	0.24009623
836.33089	0.22310732
837.22921	0.20731924
838.12945	0.19265538
839.03164	0.17904233
839.93577	0.16641028
840.84185	0.1546902
841.74988	0.14381774
842.65988	0.13373124
843.57185	0.12437413
844.4858	0.11569256
845.40173	0.10763497
846.31964	0.10015609
847.23956	0.093212374
848.16147	0.086763086
849.08539	0.080771663
850.01133	0.075203584
850.93929	0.070027101
851.86928	0.065212421
852.8013	0.060733846
853.73537	0.056565901
854.67148	0.052685654
855.60965	0.049072026
856.54988	0.045705305
857.49218	0.042567656
858.43655	0.039642717
859.38301	0.036915066
860.33156	0.034370866
861.2822	0.031996865
862.23495	0.029781158
863.1898	0.027712755
864.14677	0.025781431
865.10587	0.023977625
866.0671	0.02229334
867.03047	0.020719031
867.99598	0.019248247
868.96365	0.017873692
869.93347	0.016589182
870.90546	0.015388626
871.87963	0.014266543
872.85598	0.013217828
873.83452	0.012237711
874.81525	0.011321752
875.79819	0.010465842
876.78334	0.0096661447
877.77071	0.0089191005
878.76031	0.0082214093
879.75213	0.0075700946
880.7462	0.0069619607
881.74252	0.0063945807
882.7411	0.0058653553
883.74194	0.0053719633
884.74505	0.004912249
885.75044	0.0044841287
886.75812	0.0040857198
887.7681	0.0037152043
888.78038	0.0033709244
889.79497	0.0030513311
890.81188	0.0027549324
891.83111	0.0024803728
892.85268	0.0022263956
893.87659	0.0019916802
894.90286	0.0017751708
895.93148	0.0015757958
896.96248	0.0013925588
897.99584	0.0012245165
899.03159	0.0010707704
900.06974	0.00093050646
901.11028	0.00080293809
902.15323	0.00068733172
903.1986	0.00058299156
904.24639	0.00048927248
905.29662	0.00040555751
906.34929	0.00033126611
907.40441	0.00026585272
908.46199	0.00020881187
909.52204	0.00015965243
910.58457	0.00011792073
911.22328	9.627902e-05
911.64958	8.3177857e-05
912.71709	5.5025473e-05
913.78709	3.3075313e-05
914.85961	1.6964816e-05
915.93465	6.3516612e-06
917.01222	9.1131121e-07
918.09233	3.3848467e-07
919.17499	4.3440641e-06
920.2602	1.2651725e-05
921.34798	2.5003703e-05
922.43833	4.1155598e-05
923.53127	6.0875225e-05
924.6268	8.3943669e-05
925.72493	0.00011015438
926.82567	0.00013930447
927.92904	0.0001712224
929.03503	0.00020572014
930.14366	0.00024263534
931.25495	0.00028180677
932.36889	0.00032308832
933.4855	0.00036634292
934.60479	0.00041142317
935.72676	0.00045820903
936.85143	0.00050657703
937.97881	0.00055641846
939.1089	0.00060759077
940.24173	0.00066005926
941.37728	0.00071368795
942.51559	0.00076837772
943.65665	0.00082415499
944.80047	0.00088066586
945.94708	0.00093802052
947.09647	0.00099613588
948.24865	0.0010549627
949.40364	0.0011143303
950.56145	0.0011744424
951.72209	0.0012350939

