698.44121	0.19714419
699.06762	0.19684094
699.69514	0.19655693
700.3238	0.1962901
700.95359	0.19604452
701.58451	0.19581863
702.21657	0.19561063
702.84977	0.19542228
703.48411	0.19525273
704.11959	0.19510199
704.75623	0.19497012
705.39402	0.19485722
706.03296	0.19476309
706.67307	0.19468796
707.31433	0.19463165
707.95676	0.1945944
708.60036	0.19457609
709.24512	0.19457691
709.89107	0.1945969
710.53819	0.19463614
711.18649	0.19469476
711.83597	0.19477287
712.48665	0.19487049
713.13851	0.19498784
713.79157	0.19512505
714.44582	0.19528393
715.10128	0.19546122
715.75793	0.19565846
716.4158	0.19587664
717.07488	0.19611565
717.73517	0.19637567
718.39667	0.19665686
719.0594	0.19695968
719.72335	0.19728418
720.38853	0.19763077
721.05494	0.19799978
721.72258	0.19839145
722.39147	0.1988061
723.06159	0.19924553
723.73295	0.19970667
724.40557	0.20019198
725.07943	0.20070182
725.75455	0.20123699
726.43093	0.20179751
727.10857	0.20238562
727.78748	0.20299787
728.46765	0.20363695
729.1491	0.20430344
729.83183	0.20499781
730.51583	0.20572083
731.20112	0.20647317
731.88769	0.20725523
732.57556	0.20806771
733.26471	0.20891267
733.95517	0.20978786
734.64693	0.21069571
735.33999	0.21163688
736.03436	0.21261244
736.73005	0.21362304
737.42705	0.21466967
738.12537	0.21575341
738.82501	0.21687521
739.52599	0.21803598
740.22829	0.21923686
740.93193	0.22047897
741.63691	0.22176454
742.34323	0.22309255
743.0509	0.22446554
743.75991	0.22588482
744.47029	0.2273518
745.18202	0.22886805
745.89511	0.23043505
746.60957	0.23205448
747.3254	0.23372801
748.0426	0.23545745
748.76118	0.2372447
749.48114	0.23909173
750.20249	0.24100056
750.92523	0.24297334
751.64936	0.24501234
752.37489	0.24711992
753.10183	0.2492989
753.83017	0.25155115
754.55991	0.25387995
755.29108	0.25628806
756.02366	0.25877863
756.75766	0.26135474
757.05166	0.26240975
757.49309	0.2640197
758.22995	0.2667772
758.96825	0.26963085
759.70798	0.27258462
760.44916	0.27564253
761.19179	0.27880896
761.93587	0.2820885
762.6814	0.28548597
763.42839	0.28900654
764.17685	0.29265535
764.92678	0.29643813
765.67818	0.30036086
766.43106	0.30442981
767.18542	0.3086516
767.94127	0.31303231
768.69861	0.31758129
769.45744	0.32230531
770.21778	0.32721276
770.97962	0.33231219
771.74296	0.33761261
772.50782	0.34312429
773.2742	0.34885693
774.0421	0.35482177
774.81152	0.3610301
775.58248	0.36749374
776.35497	0.3742259
777.129	0.38123963
777.90458	0.38854917
778.68171	0.3961694
779.46039	0.40411591
780.24063	0.41240493
781.02244	0.42105396
781.80581	0.43008067
782.59075	0.43950373
783.37728	0.4493427
784.16538	0.45961766
784.95508	0.47034931
785.74636	0.48155727
786.53924	0.49326686
787.33373	0.50549814
788.12982	0.51827273
788.92752	0.5316122
789.72684	0.5455376
790.52778	0.56006848
791.33035	0.57522319
792.13454	0.59101669
792.94038	0.60746164
793.74785	0.62456594
794.55697	0.64233102
795.36775	0.66075419
796.18017	0.67982071
796.99426	0.69950584
797.81002	0.71977227
798.62745	0.74056645
799.44655	0.761816
800.26734	0.78342698
801.08982	0.80528037
801.91398	0.82722803
802.73985	0.84909068
803.56741	0.87065472
804.39669	0.89166935
805.22768	0.91184829
806.06038	0.93086703
806.89481	0.94837019
807.73097	0.96397423
808.56887	0.97727787
809.40851	0.98787469
810.24989	0.99536724
811.09302	0.99938764
811.93791	0.99961456
812.78456	0.99579615
813.63298	0.98776733
814.48317	0.97546366
815.33514	0.95893603
816.18889	0.93834622
817.04443	0.91396702
817.90177	0.8861667
818.76091	0.85539812
819.62186	0.82216386
820.48462	0.7870119
821.3492	0.75047262
822.2156	0.71308652
823.08383	0.67534949
823.9539	0.63771265
824.82581	0.60056884
825.69957	0.56424619
826.57518	0.52901682
827.45264	0.49508821
828.33198	0.46261359
829.21318	0.43169819
830.09626	0.40240239
830.98123	0.37475029
831.86808	0.34874077
832.75683	0.32434547
833.64748	0.30152053
834.54003	0.28020762
835.4345	0.26034042
836.33089	0.24184654
837.22921	0.22465036
838.12945	0.2086744
839.03164	0.19384237
839.93577	0.18007909
840.84185	0.1673123
841.74988	0.15547213
842.65988	0.14449284
843.57185	0.13431201
844.4858	0.12487092
845.40173	0.11611457
846.31964	0.10799125
847.23956	0.10045513
848.16147	0.09346048
849.08539	0.086966619
850.01133	0.080936638
850.93929	0.075334623
851.86928	0.070128468
852.8013	0.065289403
853.73537	0.060787695
854.67148	0.056600595
855.60965	0.052703539
856.54988	0.049075843
857.49218	0.045697492
858.43655	0.042549357
859.38301	0.03961602
860.33156	0.036881365
861.2822	0.034331307
862.23495	0.031952777
863.1898	0.029733392
864.14677	0.027662345
865.10587	0.025728866
866.0671	0.023923794
867.03047	0.022238097
867.99598	0.020663649
868.96365	0.019192963
869.93347	0.017818954
870.90546	0.016535225
871.87963	0.015335749
872.85598	0.014215047
873.83452	0.013167771
874.81525	0.012189184
875.79819	0.011274898
876.78334	0.010420772
877.77071	0.0096229004
878.76031	0.008877754
879.75213	0.0081819572
880.7462	0.007532484
881.74252	0.0069263273
882.7411	0.0063608689
883.74194	0.0058335747
884.74505	0.005342234
885.75044	0.0048843374
886.75812	0.0044580028
887.7681	0.0040613641
888.78038	0.0036925363
889.79497	0.0033499139
890.81188	0.0030318862
891.83111	0.0027370659
892.85268	0.0024639701
893.87659	0.0022113556
894.90286	0.0019780056
895.93148	0.0017627927
896.96248	0.0015646296
897.99584	0.0013825514
899.03159	0.001215587
900.06974	0.0010629509
901.11028	0.00092360748
902.15323	0.00079692194
903.1986	0.00068213205
904.24639	0.00057853199
905.29662	0.0004854991
906.34929	0.00040241152
907.40441	0.00032868704
908.46199	0.00026378342
909.52204	0.00020719002
910.58457	0.00015842269
911.22328	0.00013272286
911.64958	0.00011702304
912.71709	8.2563229e-05
913.78709	5.4635961e-05
914.85961	3.2861288e-05
915.93465	1.6874901e-05
917.01222	6.3345918e-06
918.09233	9.1902992e-07
919.17499	3.2244504e-07
920.2602	4.2574973e-06
921.34798	1.2450881e-05
922.43833	2.4645412e-05
923.53127	4.0604273e-05
924.6268	6.0083483e-05
925.72493	8.2870858e-05
926.82567	0.0001087622
927.92904	0.00013756029
929.03503	0.00016908194
930.14366	0.00020315161
931.25495	0.00023960744
932.36889	0.00027828543
933.4855	0.0003190417
934.60479	0.00036173105
935.72676	0.00040622478
936.85143	0.00045239503
937.97881	0.0005001626
939.1089	0.0005493236
940.24173	0.00059981991
941.37728	0.00065155557
942.51559	0.00070442922
943.65665	0.00075840533
944.80047	0.00081325818
945.94708	0.00086900332
947.09647	0.00092556585
948.24865	0.00098284353
949.40364	0.0010407813
950.56145	0.0010994202
951.72209	0.0011588314

